   4.9700000e+02	
   5.1600000e+02	
   5.3500000e+02	
   5.5400000e+02	
   5.7300000e+02	
   5.9200000e+02	
   6.1100000e+02	
   6.3000000e+02	
   6.4900000e+02	
   6.6800000e+02	
   6.8700000e+02	
   7.0600000e+02	
   7.2500000e+02	
   7.4400000e+02	
   7.6300000e+02	
   7.8200000e+02	
   8.0100000e+02	
   8.2000000e+02	
   8.3900000e+02	
   8.5800000e+02	
   8.7700000e+02	
   8.9600000e+02	
   9.1500000e+02	
   9.3400000e+02	
   9.5300000e+02	
   9.7200000e+02	
   9.9100000e+02	
   1.0100000e+03	
   1.0290000e+03	
   1.0480000e+03	
   1.0670000e+03	
   1.0860000e+03	
   1.1050000e+03	
   1.1240000e+03	
   1.1430000e+03	
   1.1620000e+03	
   1.1810000e+03	
   1.2000000e+03	
   1.2190000e+03	
   1.2380000e+03	
   1.2570000e+03	
   1.2760000e+03	
   1.2950000e+03	
   1.3140000e+03	
   1.3330000e+03	
   1.3520000e+03	
   1.3710000e+03	
   1.3900000e+03	
   1.4090000e+03	
   1.4280000e+03	
   1.4470000e+03	
   1.4660000e+03	
   1.4850000e+03	
   1.5040000e+03	
   1.5230000e+03	
   1.5420000e+03	
   1.5610000e+03	
   1.5800000e+03	
   1.5990000e+03	
   1.6180000e+03	
   1.6370000e+03	
   1.6560000e+03	
   1.6750000e+03	
   1.6940000e+03	
   1.7130000e+03	
   1.7320000e+03	
   1.7510000e+03	
   1.7700000e+03	
   1.7890000e+03	
   1.8080000e+03	
   4.9700000e+02	
   5.1600000e+02	
   5.3500000e+02	
   5.5400000e+02	
   5.7300000e+02	
   5.9200000e+02	
   6.1100000e+02	
   6.3000000e+02	
   6.4900000e+02	
   6.6800000e+02	
   6.8700000e+02	
   7.0600000e+02	
   7.2500000e+02	
   7.4400000e+02	
   7.6300000e+02	
   7.8200000e+02	
   8.0100000e+02	
   8.2000000e+02	
   8.3900000e+02	
   8.5800000e+02	
   8.7700000e+02	
   8.9600000e+02	
   9.1500000e+02	
   9.3400000e+02	
   9.5300000e+02	
   9.7200000e+02	
   9.9100000e+02	
   1.0100000e+03	
   1.0290000e+03	
   1.0480000e+03	
   1.0670000e+03	
   1.0860000e+03	
   1.1050000e+03	
   1.1240000e+03	
   1.1430000e+03	
   1.1620000e+03	
   1.1810000e+03	
   1.2000000e+03	
   1.2190000e+03	
   1.2380000e+03	
   1.2570000e+03	
   1.2760000e+03	
   1.2950000e+03	
   1.3140000e+03	
   1.3330000e+03	
   1.3520000e+03	
   1.3710000e+03	
   1.3900000e+03	
   1.4090000e+03	
   1.4280000e+03	
   1.4470000e+03	
   1.4660000e+03	
   1.4850000e+03	
   1.5040000e+03	
   1.5230000e+03	
   1.5420000e+03	
   1.5610000e+03	
   1.5800000e+03	
   1.5990000e+03	
   1.6180000e+03	
   1.6370000e+03	
   1.6560000e+03	
   1.6750000e+03	
   1.6940000e+03	
   1.7130000e+03	
   1.7320000e+03	
   1.7510000e+03	
   1.7700000e+03	
   1.7890000e+03	
   1.8080000e+03	
   4.9700000e+02	
   5.1600000e+02	
   5.3500000e+02	
   5.5400000e+02	
   5.7300000e+02	
   5.9200000e+02	
   6.1100000e+02	
   6.3000000e+02	
   6.4900000e+02	
   6.6800000e+02	
   6.8700000e+02	
   7.0600000e+02	
   7.2500000e+02	
   7.4400000e+02	
   7.6300000e+02	
   7.8200000e+02	
   8.0100000e+02	
   8.2000000e+02	
   8.3900000e+02	
   8.5800000e+02	
   8.7700000e+02	
   8.9600000e+02	
   9.1500000e+02	
   9.3400000e+02	
   9.5300000e+02	
   9.7200000e+02	
   9.9100000e+02	
   1.0100000e+03	
   1.0290000e+03	
   1.0480000e+03	
   1.0670000e+03	
   1.0860000e+03	
   1.1050000e+03	
   1.1240000e+03	
   1.1430000e+03	
   1.1620000e+03	
   1.1810000e+03	
   1.2000000e+03	
   1.2190000e+03	
   1.2380000e+03	
   1.2570000e+03	
   1.2760000e+03	
   1.2950000e+03	
   1.3140000e+03	
   1.3330000e+03	
   1.3520000e+03	
   1.3710000e+03	
   1.3900000e+03	
   1.4090000e+03	
   1.4280000e+03	
   1.4470000e+03	
   1.4660000e+03	
   1.4850000e+03	
   1.5040000e+03	
   1.5230000e+03	
   1.5420000e+03	
   1.5610000e+03	
   1.5800000e+03	
   1.5990000e+03	
   1.6180000e+03	
   1.6370000e+03	
   1.6560000e+03	
   1.6750000e+03	
   1.6940000e+03	
   1.7130000e+03	
   1.7320000e+03	
   1.7510000e+03	
   1.7700000e+03	
   1.7890000e+03	
   1.8080000e+03	
   4.9700000e+02	
   5.1600000e+02	
   5.3500000e+02	
   5.5400000e+02	
   5.7300000e+02	
   5.9200000e+02	
   6.1100000e+02	
   6.3000000e+02	
   6.4900000e+02	
   6.6800000e+02	
   6.8700000e+02	
   7.0600000e+02	
   7.2500000e+02	
   7.4400000e+02	
   7.6300000e+02	
   7.8200000e+02	
   8.0100000e+02	
   8.2000000e+02	
   8.3900000e+02	
   8.5800000e+02	
   8.7700000e+02	
   8.9600000e+02	
   9.1500000e+02	
   9.3400000e+02	
   9.5300000e+02	
   9.7200000e+02	
   9.9100000e+02	
   1.0100000e+03	
   1.0290000e+03	
   1.0480000e+03	
   1.0670000e+03	
   1.0860000e+03	
   1.1050000e+03	
   1.1240000e+03	
   1.1430000e+03	
   1.1620000e+03	
   1.1810000e+03	
   1.2000000e+03	
   1.2190000e+03	
   1.2380000e+03	
   1.2570000e+03	
   1.2760000e+03	
   1.2950000e+03	
   1.3140000e+03	
   1.3330000e+03	
   1.3520000e+03	
   1.3710000e+03	
   1.3900000e+03	
   1.4090000e+03	
   1.4280000e+03	
   1.4470000e+03	
   1.4660000e+03	
   1.4850000e+03	
   1.5040000e+03	
   1.5230000e+03	
   1.5420000e+03	
   1.5610000e+03	
   1.5800000e+03	
   1.5990000e+03	
   1.6180000e+03	
   1.6370000e+03	
   1.6560000e+03	
   1.6750000e+03	
   1.6940000e+03	
   1.7130000e+03	
   1.7320000e+03	
   1.7510000e+03	
   1.7700000e+03	
   1.7890000e+03	
   1.8080000e+03	
   4.9700000e+02	
   5.1600000e+02	
   5.3500000e+02	
   5.5400000e+02	
   5.7300000e+02	
   5.9200000e+02	
   6.1100000e+02	
   6.3000000e+02	
   6.4900000e+02	
   6.6800000e+02	
   6.8700000e+02	
   7.0600000e+02	
   7.2500000e+02	
   7.4400000e+02	
   7.6300000e+02	
   7.8200000e+02	
   8.0100000e+02	
   8.2000000e+02	
   8.3900000e+02	
   8.5800000e+02	
   8.7700000e+02	
   8.9600000e+02	
   9.1500000e+02	
   9.3400000e+02	
   9.5300000e+02	
   9.7200000e+02	
   9.9100000e+02	
   1.0100000e+03	
   1.0290000e+03	
   1.0480000e+03	
   1.0670000e+03	
   1.0860000e+03	
   1.1050000e+03	
   1.1240000e+03	
   1.1430000e+03	
   1.1620000e+03	
   1.1810000e+03	
   1.2000000e+03	
   1.2190000e+03	
   1.2380000e+03	
   1.2570000e+03	
   1.2760000e+03	
   1.2950000e+03	
   1.3140000e+03	
   1.3330000e+03	
   1.3520000e+03	
   1.3710000e+03	
   1.3900000e+03	
   1.4090000e+03	
   1.4280000e+03	
   1.4470000e+03	
   1.4660000e+03	
   1.4850000e+03	
   1.5040000e+03	
   1.5230000e+03	
   1.5420000e+03	
   1.5610000e+03	
   1.5800000e+03	
   1.5990000e+03	
   1.6180000e+03	
   1.6370000e+03	
   1.6560000e+03	
   1.6750000e+03	
   1.6940000e+03	
   1.7130000e+03	
   1.7320000e+03	
   1.7510000e+03	
   1.7700000e+03	
   1.7890000e+03	
   1.8080000e+03	
   4.9700000e+02	
   5.1600000e+02	
   5.3500000e+02	
   5.5400000e+02	
   5.7300000e+02	
   5.9200000e+02	
   6.1100000e+02	
   6.3000000e+02	
   6.4900000e+02	
   6.6800000e+02	
   6.8700000e+02	
   7.0600000e+02	
   7.2500000e+02	
   7.4400000e+02	
   7.6300000e+02	
   7.8200000e+02	
   8.0100000e+02	
   8.2000000e+02	
   8.3900000e+02	
   8.5800000e+02	
   8.7700000e+02	
   8.9600000e+02	
   9.1500000e+02	
   9.3400000e+02	
   9.5300000e+02	
   9.7200000e+02	
   9.9100000e+02	
   1.0100000e+03	
   1.0290000e+03	
   1.0480000e+03	
   1.0670000e+03	
   1.0860000e+03	
   1.1050000e+03	
   1.1240000e+03	
   1.1430000e+03	
   1.1620000e+03	
   1.1810000e+03	
   1.2000000e+03	
   1.2190000e+03	
   1.2380000e+03	
   1.2570000e+03	
   1.2760000e+03	
   1.2950000e+03	
   1.3140000e+03	
   1.3330000e+03	
   1.3520000e+03	
   1.3710000e+03	
   1.3900000e+03	
   1.4090000e+03	
   1.4280000e+03	
   1.4470000e+03	
   1.4660000e+03	
   1.4850000e+03	
   1.5040000e+03	
   1.5230000e+03	
   1.5420000e+03	
   1.5610000e+03	
   1.5800000e+03	
   1.5990000e+03	
   1.6180000e+03	
   1.6370000e+03	
   1.6560000e+03	
   1.6750000e+03	
   1.6940000e+03	
   1.7130000e+03	
   1.7320000e+03	
   1.7510000e+03	
   1.7700000e+03	
   1.7890000e+03	
   1.8080000e+03	
   4.9700000e+02	
   5.1600000e+02	
   5.3500000e+02	
   5.5400000e+02	
   5.7300000e+02	
   5.9200000e+02	
   6.1100000e+02	
   6.3000000e+02	
   6.4900000e+02	
   6.6800000e+02	
   6.8700000e+02	
   7.0600000e+02	
   7.2500000e+02	
   7.4400000e+02	
   7.6300000e+02	
   7.8200000e+02	
   8.0100000e+02	
   8.2000000e+02	
   8.3900000e+02	
   8.5800000e+02	
   8.7700000e+02	
   8.9600000e+02	
   9.1500000e+02	
   9.3400000e+02	
   9.5300000e+02	
   9.7200000e+02	
   9.9100000e+02	
   1.0100000e+03	
   1.0290000e+03	
   1.0480000e+03	
   1.0670000e+03	
   1.0860000e+03	
   1.1050000e+03	
   1.1240000e+03	
   1.1430000e+03	
   1.1620000e+03	
   1.1810000e+03	
   1.2000000e+03	
   1.2190000e+03	
   1.2380000e+03	
   1.2570000e+03	
   1.2760000e+03	
   1.2950000e+03	
   1.3140000e+03	
   1.3330000e+03	
   1.3520000e+03	
   1.3710000e+03	
   1.3900000e+03	
   1.4090000e+03	
   1.4280000e+03	
   1.4470000e+03	
   1.4660000e+03	
   1.4850000e+03	
   1.5040000e+03	
   1.5230000e+03	
   1.5420000e+03	
   1.5610000e+03	
   1.5800000e+03	
   1.5990000e+03	
   1.6180000e+03	
   1.6370000e+03	
   1.6560000e+03	
   1.6750000e+03	
   1.6940000e+03	
   1.7130000e+03	
   1.7320000e+03	
   1.7510000e+03	
   1.7700000e+03	
   1.7890000e+03	
   1.8080000e+03	
   4.9700000e+02	
   5.1600000e+02	
   5.3500000e+02	
   5.5400000e+02	
   5.7300000e+02	
   5.9200000e+02	
   6.1100000e+02	
   6.3000000e+02	
   6.4900000e+02	
   6.6800000e+02	
   6.8700000e+02	
   7.0600000e+02	
   7.2500000e+02	
   7.4400000e+02	
   7.6300000e+02	
   7.8200000e+02	
   8.0100000e+02	
   8.2000000e+02	
   8.3900000e+02	
   8.5800000e+02	
   8.7700000e+02	
   8.9600000e+02	
   9.1500000e+02	
   9.3400000e+02	
   9.5300000e+02	
   9.7200000e+02	
   9.9100000e+02	
   1.0100000e+03	
   1.0290000e+03	
   1.0480000e+03	
   1.0670000e+03	
   1.0860000e+03	
   1.1050000e+03	
   1.1240000e+03	
   1.1430000e+03	
   1.1620000e+03	
   1.1810000e+03	
   1.2000000e+03	
   1.2190000e+03	
   1.2380000e+03	
   1.2570000e+03	
   1.2760000e+03	
   1.2950000e+03	
   1.3140000e+03	
   1.3330000e+03	
   1.3520000e+03	
   1.3710000e+03	
   1.3900000e+03	
   1.4090000e+03	
   1.4280000e+03	
   1.4470000e+03	
   1.4660000e+03	
   1.4850000e+03	
   1.5040000e+03	
   1.5230000e+03	
   1.5420000e+03	
   1.5610000e+03	
   1.5800000e+03	
   1.5990000e+03	
   1.6180000e+03	
   1.6370000e+03	
   1.6560000e+03	
   1.6750000e+03	
   1.6940000e+03	
   1.7130000e+03	
   1.7320000e+03	
   1.7510000e+03	
   1.7700000e+03	
   1.7890000e+03	
   1.8080000e+03	
   4.9700000e+02	
   5.1600000e+02	
   5.3500000e+02	
   5.5400000e+02	
   5.7300000e+02	
   5.9200000e+02	
   6.1100000e+02	
   6.3000000e+02	
   6.4900000e+02	
   6.6800000e+02	
   6.8700000e+02	
   7.0600000e+02	
   7.2500000e+02	
   7.4400000e+02	
   7.6300000e+02	
   7.8200000e+02	
   8.0100000e+02	
   8.2000000e+02	
   8.3900000e+02	
   8.5800000e+02	
   8.7700000e+02	
   8.9600000e+02	
   9.1500000e+02	
   9.3400000e+02	
   9.5300000e+02	
   9.7200000e+02	
   9.9100000e+02	
   1.0100000e+03	
   1.0290000e+03	
   1.0480000e+03	
   1.0670000e+03	
   1.0860000e+03	
   1.1050000e+03	
   1.1240000e+03	
   1.1430000e+03	
   1.1620000e+03	
   1.1810000e+03	
   1.2000000e+03	
   1.2190000e+03	
   1.2380000e+03	
   1.2570000e+03	
   1.2760000e+03	
   1.2950000e+03	
   1.3140000e+03	
   1.3330000e+03	
   1.3520000e+03	
   1.3710000e+03	
   1.3900000e+03	
   1.4090000e+03	
   1.4280000e+03	
   1.4470000e+03	
   1.4660000e+03	
   1.4850000e+03	
   1.5040000e+03	
   1.5230000e+03	
   1.5420000e+03	
   1.5610000e+03	
   1.5800000e+03	
   1.5990000e+03	
   1.6180000e+03	
   1.6370000e+03	
   1.6560000e+03	
   1.6750000e+03	
   1.6940000e+03	
   1.7130000e+03	
   1.7320000e+03	
   1.7510000e+03	
   1.7700000e+03	
   1.7890000e+03	
   1.8080000e+03	
   4.9700000e+02	
   5.1600000e+02	
   5.3500000e+02	
   5.5400000e+02	
   5.7300000e+02	
   5.9200000e+02	
   6.1100000e+02	
   6.3000000e+02	
   6.4900000e+02	
   6.6800000e+02	
   6.8700000e+02	
   7.0600000e+02	
   7.2500000e+02	
   7.4400000e+02	
   7.6300000e+02	
   7.8200000e+02	
   8.0100000e+02	
   8.2000000e+02	
   8.3900000e+02	
   8.5800000e+02	
   8.7700000e+02	
   8.9600000e+02	
   9.1500000e+02	
   9.3400000e+02	
   9.5300000e+02	
   9.7200000e+02	
   9.9100000e+02	
   1.0100000e+03	
   1.0290000e+03	
   1.0480000e+03	
   1.0670000e+03	
   1.0860000e+03	
   1.1050000e+03	
   1.1240000e+03	
   1.1430000e+03	
   1.1620000e+03	
   1.1810000e+03	
   1.2000000e+03	
   1.2190000e+03	
   1.2380000e+03	
   1.2570000e+03	
   1.2760000e+03	
   1.2950000e+03	
   1.3140000e+03	
   1.3330000e+03	
   1.3520000e+03	
   1.3710000e+03	
   1.3900000e+03	
   1.4090000e+03	
   1.4280000e+03	
   1.4470000e+03	
   1.4660000e+03	
   1.4850000e+03	
   1.5040000e+03	
   1.5230000e+03	
   1.5420000e+03	
   1.5610000e+03	
   1.5800000e+03	
   1.5990000e+03	
   1.6180000e+03	
   1.6370000e+03	
   1.6560000e+03	
   1.6750000e+03	
   1.6940000e+03	
   1.7130000e+03	
   1.7320000e+03	
   1.7510000e+03	
   1.7700000e+03	
   1.7890000e+03	
   1.8080000e+03	
   4.9700000e+02	
   5.1600000e+02	
   5.3500000e+02	
   5.5400000e+02	
   5.7300000e+02	
   5.9200000e+02	
   6.1100000e+02	
   6.3000000e+02	
   6.4900000e+02	
   6.6800000e+02	
   6.8700000e+02	
   7.0600000e+02	
   7.2500000e+02	
   7.4400000e+02	
   7.6300000e+02	
   7.8200000e+02	
   8.0100000e+02	
   8.2000000e+02	
   8.3900000e+02	
   8.5800000e+02	
   8.7700000e+02	
   8.9600000e+02	
   9.1500000e+02	
   9.3400000e+02	
   9.5300000e+02	
   9.7200000e+02	
   9.9100000e+02	
   1.0100000e+03	
   1.0290000e+03	
   1.0480000e+03	
   1.0670000e+03	
   1.0860000e+03	
   1.1050000e+03	
   1.1240000e+03	
   1.1430000e+03	
   1.1620000e+03	
   1.1810000e+03	
   1.2000000e+03	
   1.2190000e+03	
   1.2380000e+03	
   1.2570000e+03	
   1.2760000e+03	
   1.2950000e+03	
   1.3140000e+03	
   1.3330000e+03	
   1.3520000e+03	
   1.3710000e+03	
   1.3900000e+03	
   1.4090000e+03	
   1.4280000e+03	
   1.4470000e+03	
   1.4660000e+03	
   1.4850000e+03	
   1.5040000e+03	
   1.5230000e+03	
   1.5420000e+03	
   1.5610000e+03	
   1.5800000e+03	
   1.5990000e+03	
   1.6180000e+03	
   1.6370000e+03	
   1.6560000e+03	
   1.6750000e+03	
   1.6940000e+03	
   1.7130000e+03	
   1.7320000e+03	
   1.7510000e+03	
   1.7700000e+03	
   1.7890000e+03	
   1.8080000e+03	
   4.9700000e+02	
   5.1600000e+02	
   5.3500000e+02	
   5.5400000e+02	
   5.7300000e+02	
   5.9200000e+02	
   6.1100000e+02	
   6.3000000e+02	
   6.4900000e+02	
   6.6800000e+02	
   6.8700000e+02	
   7.0600000e+02	
   7.2500000e+02	
   7.4400000e+02	
   7.6300000e+02	
   7.8200000e+02	
   8.0100000e+02	
   8.2000000e+02	
   8.3900000e+02	
   8.5800000e+02	
   8.7700000e+02	
   8.9600000e+02	
   9.1500000e+02	
   9.3400000e+02	
   9.5300000e+02	
   9.7200000e+02	
   9.9100000e+02	
   1.0100000e+03	
   1.0290000e+03	
   1.0480000e+03	
   1.0670000e+03	
   1.0860000e+03	
   1.1050000e+03	
   1.1240000e+03	
   1.1430000e+03	
   1.1620000e+03	
   1.1810000e+03	
   1.2000000e+03	
   1.2190000e+03	
   1.2380000e+03	
   1.2570000e+03	
   1.2760000e+03	
   1.2950000e+03	
   1.3140000e+03	
   1.3330000e+03	
   1.3520000e+03	
   1.3710000e+03	
   1.3900000e+03	
   1.4090000e+03	
   1.4280000e+03	
   1.4470000e+03	
   1.4660000e+03	
   1.4850000e+03	
   1.5040000e+03	
   1.5230000e+03	
   1.5420000e+03	
   1.5610000e+03	
   1.5800000e+03	
   1.5990000e+03	
   1.6180000e+03	
   1.6370000e+03	
   1.6560000e+03	
   1.6750000e+03	
   1.6940000e+03	
   1.7130000e+03	
   1.7320000e+03	
   1.7510000e+03	
   1.7700000e+03	
   1.7890000e+03	
   1.8080000e+03	
   4.9700000e+02	
   5.1600000e+02	
   5.3500000e+02	
   5.5400000e+02	
   5.7300000e+02	
   5.9200000e+02	
   6.1100000e+02	
   6.3000000e+02	
   6.4900000e+02	
   6.6800000e+02	
   6.8700000e+02	
   7.0600000e+02	
   7.2500000e+02	
   7.4400000e+02	
   7.6300000e+02	
   7.8200000e+02	
   8.0100000e+02	
   8.2000000e+02	
   8.3900000e+02	
   8.5800000e+02	
   8.7700000e+02	
   8.9600000e+02	
   9.1500000e+02	
   9.3400000e+02	
   9.5300000e+02	
   9.7200000e+02	
   9.9100000e+02	
   1.0100000e+03	
   1.0290000e+03	
   1.0480000e+03	
   1.0670000e+03	
   1.0860000e+03	
   1.1050000e+03	
   1.1240000e+03	
   1.1430000e+03	
   1.1620000e+03	
   1.1810000e+03	
   1.2000000e+03	
   1.2190000e+03	
   1.2380000e+03	
   1.2570000e+03	
   1.2760000e+03	
   1.2950000e+03	
   1.3140000e+03	
   1.3330000e+03	
   1.3520000e+03	
   1.3710000e+03	
   1.3900000e+03	
   1.4090000e+03	
   1.4280000e+03	
   1.4470000e+03	
   1.4660000e+03	
   1.4850000e+03	
   1.5040000e+03	
   1.5230000e+03	
   1.5420000e+03	
   1.5610000e+03	
   1.5800000e+03	
   1.5990000e+03	
   1.6180000e+03	
   1.6370000e+03	
   1.6560000e+03	
   1.6750000e+03	
   1.6940000e+03	
   1.7130000e+03	
   1.7320000e+03	
   1.7510000e+03	
   1.7700000e+03	
   1.7890000e+03	
   1.8080000e+03	
   4.9700000e+02	
   5.1600000e+02	
   5.3500000e+02	
   5.5400000e+02	
   5.7300000e+02	
   5.9200000e+02	
   6.1100000e+02	
   6.3000000e+02	
   6.4900000e+02	
   6.6800000e+02	
   6.8700000e+02	
   7.0600000e+02	
   7.2500000e+02	
   7.4400000e+02	
   7.6300000e+02	
   7.8200000e+02	
   8.0100000e+02	
   8.2000000e+02	
   8.3900000e+02	
   8.5800000e+02	
   8.7700000e+02	
   8.9600000e+02	
   9.1500000e+02	
   9.3400000e+02	
   9.5300000e+02	
   9.7200000e+02	
   9.9100000e+02	
   1.0100000e+03	
   1.0290000e+03	
   1.0480000e+03	
   1.0670000e+03	
   1.0860000e+03	
   1.1050000e+03	
   1.1240000e+03	
   1.1430000e+03	
   1.1620000e+03	
   1.1810000e+03	
   1.2000000e+03	
   1.2190000e+03	
   1.2380000e+03	
   1.2570000e+03	
   1.2760000e+03	
   1.2950000e+03	
   1.3140000e+03	
   1.3330000e+03	
   1.3520000e+03	
   1.3710000e+03	
   1.3900000e+03	
   1.4090000e+03	
   1.4280000e+03	
   1.4470000e+03	
   1.4660000e+03	
   1.4850000e+03	
   1.5040000e+03	
   1.5230000e+03	
   1.5420000e+03	
   1.5610000e+03	
   1.5800000e+03	
   1.5990000e+03	
   1.6180000e+03	
   1.6370000e+03	
   1.6560000e+03	
   1.6750000e+03	
   1.6940000e+03	
   1.7130000e+03	
   1.7320000e+03	
   1.7510000e+03	
   1.7700000e+03	
   1.7890000e+03	
   1.8080000e+03	
   4.9700000e+02	
   5.1600000e+02	
   5.3500000e+02	
   5.5400000e+02	
   5.7300000e+02	
   5.9200000e+02	
   6.1100000e+02	
   6.3000000e+02	
   6.4900000e+02	
   6.6800000e+02	
   6.8700000e+02	
   7.0600000e+02	
   7.2500000e+02	
   7.4400000e+02	
   7.6300000e+02	
   7.8200000e+02	
   8.0100000e+02	
   8.2000000e+02	
   8.3900000e+02	
   8.5800000e+02	
   8.7700000e+02	
   8.9600000e+02	
   9.1500000e+02	
   9.3400000e+02	
   9.5300000e+02	
   9.7200000e+02	
   9.9100000e+02	
   1.0100000e+03	
   1.0290000e+03	
   1.0480000e+03	
   1.0670000e+03	
   1.0860000e+03	
   1.1050000e+03	
   1.1240000e+03	
   1.1430000e+03	
   1.1620000e+03	
   1.1810000e+03	
   1.2000000e+03	
   1.2190000e+03	
   1.2380000e+03	
   1.2570000e+03	
   1.2760000e+03	
   1.2950000e+03	
   1.3140000e+03	
   1.3330000e+03	
   1.3520000e+03	
   1.3710000e+03	
   1.3900000e+03	
   1.4090000e+03	
   1.4280000e+03	
   1.4470000e+03	
   1.4660000e+03	
   1.4850000e+03	
   1.5040000e+03	
   1.5230000e+03	
   1.5420000e+03	
   1.5610000e+03	
   1.5800000e+03	
   1.5990000e+03	
   1.6180000e+03	
   1.6370000e+03	
   1.6560000e+03	
   1.6750000e+03	
   1.6940000e+03	
   1.7130000e+03	
   1.7320000e+03	
   1.7510000e+03	
   1.7700000e+03	
   1.7890000e+03	
   1.8080000e+03	
   4.9700000e+02	
   5.1600000e+02	
   5.3500000e+02	
   5.5400000e+02	
   5.7300000e+02	
   5.9200000e+02	
   6.1100000e+02	
   6.3000000e+02	
   6.4900000e+02	
   6.6800000e+02	
   6.8700000e+02	
   7.0600000e+02	
   7.2500000e+02	
   7.4400000e+02	
   7.6300000e+02	
   7.8200000e+02	
   8.0100000e+02	
   8.2000000e+02	
   8.3900000e+02	
   8.5800000e+02	
   8.7700000e+02	
   8.9600000e+02	
   9.1500000e+02	
   9.3400000e+02	
   9.5300000e+02	
   9.7200000e+02	
   9.9100000e+02	
   1.0100000e+03	
   1.0290000e+03	
   1.0480000e+03	
   1.0670000e+03	
   1.0860000e+03	
   1.1050000e+03	
   1.1240000e+03	
   1.1430000e+03	
   1.1620000e+03	
   1.1810000e+03	
   1.2000000e+03	
   1.2190000e+03	
   1.2380000e+03	
   1.2570000e+03	
   1.2760000e+03	
   1.2950000e+03	
   1.3140000e+03	
   1.3330000e+03	
   1.3520000e+03	
   1.3710000e+03	
   1.3900000e+03	
   1.4090000e+03	
   1.4280000e+03	
   1.4470000e+03	
   1.4660000e+03	
   1.4850000e+03	
   1.5040000e+03	
   1.5230000e+03	
   1.5420000e+03	
   1.5610000e+03	
   1.5800000e+03	
   1.5990000e+03	
   1.6180000e+03	
   1.6370000e+03	
   1.6560000e+03	
   1.6750000e+03	
   1.6940000e+03	
   1.7130000e+03	
   1.7320000e+03	
   1.7510000e+03	
   1.7700000e+03	
   1.7890000e+03	
   1.8080000e+03	
   4.9700000e+02	
   5.1600000e+02	
   5.3500000e+02	
   5.5400000e+02	
   5.7300000e+02	
   5.9200000e+02	
   6.1100000e+02	
   6.3000000e+02	
   6.4900000e+02	
   6.6800000e+02	
   6.8700000e+02	
   7.0600000e+02	
   7.2500000e+02	
   7.4400000e+02	
   7.6300000e+02	
   7.8200000e+02	
   8.0100000e+02	
   8.2000000e+02	
   8.3900000e+02	
   8.5800000e+02	
   8.7700000e+02	
   8.9600000e+02	
   9.1500000e+02	
   9.3400000e+02	
   9.5300000e+02	
   9.7200000e+02	
   9.9100000e+02	
   1.0100000e+03	
   1.0290000e+03	
   1.0480000e+03	
   1.0670000e+03	
   1.0860000e+03	
   1.1050000e+03	
   1.1240000e+03	
   1.1430000e+03	
   1.1620000e+03	
   1.1810000e+03	
   1.2000000e+03	
   1.2190000e+03	
   1.2380000e+03	
   1.2570000e+03	
   1.2760000e+03	
   1.2950000e+03	
   1.3140000e+03	
   1.3330000e+03	
   1.3520000e+03	
   1.3710000e+03	
   1.3900000e+03	
   1.4090000e+03	
   1.4280000e+03	
   1.4470000e+03	
   1.4660000e+03	
   1.4850000e+03	
   1.5040000e+03	
   1.5230000e+03	
   1.5420000e+03	
   1.5610000e+03	
   1.5800000e+03	
   1.5990000e+03	
   1.6180000e+03	
   1.6370000e+03	
   1.6560000e+03	
   1.6750000e+03	
   1.6940000e+03	
   1.7130000e+03	
   1.7320000e+03	
   1.7510000e+03	
   1.7700000e+03	
   1.7890000e+03	
   1.8080000e+03	
   4.9700000e+02	
   5.1600000e+02	
   5.3500000e+02	
   5.5400000e+02	
   5.7300000e+02	
   5.9200000e+02	
   6.1100000e+02	
   6.3000000e+02	
   6.4900000e+02	
   6.6800000e+02	
   6.8700000e+02	
   7.0600000e+02	
   7.2500000e+02	
   7.4400000e+02	
   7.6300000e+02	
   7.8200000e+02	
   8.0100000e+02	
   8.2000000e+02	
   8.3900000e+02	
   8.5800000e+02	
   8.7700000e+02	
   8.9600000e+02	
   9.1500000e+02	
   9.3400000e+02	
   9.5300000e+02	
   9.7200000e+02	
   9.9100000e+02	
   1.0100000e+03	
   1.0290000e+03	
   1.0480000e+03	
   1.0670000e+03	
   1.0860000e+03	
   1.1050000e+03	
   1.1240000e+03	
   1.1430000e+03	
   1.1620000e+03	
   1.1810000e+03	
   1.2000000e+03	
   1.2190000e+03	
   1.2380000e+03	
   1.2570000e+03	
   1.2760000e+03	
   1.2950000e+03	
   1.3140000e+03	
   1.3330000e+03	
   1.3520000e+03	
   1.3710000e+03	
   1.3900000e+03	
   1.4090000e+03	
   1.4280000e+03	
   1.4470000e+03	
   1.4660000e+03	
   1.4850000e+03	
   1.5040000e+03	
   1.5230000e+03	
   1.5420000e+03	
   1.5610000e+03	
   1.5800000e+03	
   1.5990000e+03	
   1.6180000e+03	
   1.6370000e+03	
   1.6560000e+03	
   1.6750000e+03	
   1.6940000e+03	
   1.7130000e+03	
   1.7320000e+03	
   1.7510000e+03	
   1.7700000e+03	
   1.7890000e+03	
   1.8080000e+03	
   4.9700000e+02	
   5.1600000e+02	
   5.3500000e+02	
   5.5400000e+02	
   5.7300000e+02	
   5.9200000e+02	
   6.1100000e+02	
   6.3000000e+02	
   6.4900000e+02	
   6.6800000e+02	
   6.8700000e+02	
   7.0600000e+02	
   7.2500000e+02	
   7.4400000e+02	
   7.6300000e+02	
   7.8200000e+02	
   8.0100000e+02	
   8.2000000e+02	
   8.3900000e+02	
   8.5800000e+02	
   8.7700000e+02	
   8.9600000e+02	
   9.1500000e+02	
   9.3400000e+02	
   9.5300000e+02	
   9.7200000e+02	
   9.9100000e+02	
   1.0100000e+03	
   1.0290000e+03	
   1.0480000e+03	
   1.0670000e+03	
   1.0860000e+03	
   1.1050000e+03	
   1.1240000e+03	
   1.1430000e+03	
   1.1620000e+03	
   1.1810000e+03	
   1.2000000e+03	
   1.2190000e+03	
   1.2380000e+03	
   1.2570000e+03	
   1.2760000e+03	
   1.2950000e+03	
   1.3140000e+03	
   1.3330000e+03	
   1.3520000e+03	
   1.3710000e+03	
   1.3900000e+03	
   1.4090000e+03	
   1.4280000e+03	
   1.4470000e+03	
   1.4660000e+03	
   1.4850000e+03	
   1.5040000e+03	
   1.5230000e+03	
   1.5420000e+03	
   1.5610000e+03	
   1.5800000e+03	
   1.5990000e+03	
   1.6180000e+03	
   1.6370000e+03	
   1.6560000e+03	
   1.6750000e+03	
   1.6940000e+03	
   1.7130000e+03	
   1.7320000e+03	
   1.7510000e+03	
   1.7700000e+03	
   1.7890000e+03	
   1.8080000e+03	
   4.9700000e+02	
   5.1600000e+02	
   5.3500000e+02	
   5.5400000e+02	
   5.7300000e+02	
   5.9200000e+02	
   6.1100000e+02	
   6.3000000e+02	
   6.4900000e+02	
   6.6800000e+02	
   6.8700000e+02	
   7.0600000e+02	
   7.2500000e+02	
   7.4400000e+02	
   7.6300000e+02	
   7.8200000e+02	
   8.0100000e+02	
   8.2000000e+02	
   8.3900000e+02	
   8.5800000e+02	
   8.7700000e+02	
   8.9600000e+02	
   9.1500000e+02	
   9.3400000e+02	
   9.5300000e+02	
   9.7200000e+02	
   9.9100000e+02	
   1.0100000e+03	
   1.0290000e+03	
   1.0480000e+03	
   1.0670000e+03	
   1.0860000e+03	
   1.1050000e+03	
   1.1240000e+03	
   1.1430000e+03	
   1.1620000e+03	
   1.1810000e+03	
   1.2000000e+03	
   1.2190000e+03	
   1.2380000e+03	
   1.2570000e+03	
   1.2760000e+03	
   1.2950000e+03	
   1.3140000e+03	
   1.3330000e+03	
   1.3520000e+03	
   1.3710000e+03	
   1.3900000e+03	
   1.4090000e+03	
   1.4280000e+03	
   1.4470000e+03	
   1.4660000e+03	
   1.4850000e+03	
   1.5040000e+03	
   1.5230000e+03	
   1.5420000e+03	
   1.5610000e+03	
   1.5800000e+03	
   1.5990000e+03	
   1.6180000e+03	
   1.6370000e+03	
   1.6560000e+03	
   1.6750000e+03	
   1.6940000e+03	
   1.7130000e+03	
   1.7320000e+03	
   1.7510000e+03	
   1.7700000e+03	
   1.7890000e+03	
   1.8080000e+03	
   4.9700000e+02	
   5.1600000e+02	
   5.3500000e+02	
   5.5400000e+02	
   5.7300000e+02	
   5.9200000e+02	
   6.1100000e+02	
   6.3000000e+02	
   6.4900000e+02	
   6.6800000e+02	
   6.8700000e+02	
   7.0600000e+02	
   7.2500000e+02	
   7.4400000e+02	
   7.6300000e+02	
   7.8200000e+02	
   8.0100000e+02	
   8.2000000e+02	
   8.3900000e+02	
   8.5800000e+02	
   8.7700000e+02	
   8.9600000e+02	
   9.1500000e+02	
   9.3400000e+02	
   9.5300000e+02	
   9.7200000e+02	
   9.9100000e+02	
   1.0100000e+03	
   1.0290000e+03	
   1.0480000e+03	
   1.0670000e+03	
   1.0860000e+03	
   1.1050000e+03	
   1.1240000e+03	
   1.1430000e+03	
   1.1620000e+03	
   1.1810000e+03	
   1.2000000e+03	
   1.2190000e+03	
   1.2380000e+03	
   1.2570000e+03	
   1.2760000e+03	
   1.2950000e+03	
   1.3140000e+03	
   1.3330000e+03	
   1.3520000e+03	
   1.3710000e+03	
   1.3900000e+03	
   1.4090000e+03	
   1.4280000e+03	
   1.4470000e+03	
   1.4660000e+03	
   1.4850000e+03	
   1.5040000e+03	
   1.5230000e+03	
   1.5420000e+03	
   1.5610000e+03	
   1.5800000e+03	
   1.5990000e+03	
   1.6180000e+03	
   1.6370000e+03	
   1.6560000e+03	
   1.6750000e+03	
   1.6940000e+03	
   1.7130000e+03	
   1.7320000e+03	
   1.7510000e+03	
   1.7700000e+03	
   1.7890000e+03	
   1.8080000e+03	
   4.9700000e+02	
   5.1600000e+02	
   5.3500000e+02	
   5.5400000e+02	
   5.7300000e+02	
   5.9200000e+02	
   6.1100000e+02	
   6.3000000e+02	
   6.4900000e+02	
   6.6800000e+02	
   6.8700000e+02	
   7.0600000e+02	
   7.2500000e+02	
   7.4400000e+02	
   7.6300000e+02	
   7.8200000e+02	
   8.0100000e+02	
   8.2000000e+02	
   8.3900000e+02	
   8.5800000e+02	
   8.7700000e+02	
   8.9600000e+02	
   9.1500000e+02	
   9.3400000e+02	
   9.5300000e+02	
   9.7200000e+02	
   9.9100000e+02	
   1.0100000e+03	
   1.0290000e+03	
   1.0480000e+03	
   1.0670000e+03	
   1.0860000e+03	
   1.1050000e+03	
   1.1240000e+03	
   1.1430000e+03	
   1.1620000e+03	
   1.1810000e+03	
   1.2000000e+03	
   1.2190000e+03	
   1.2380000e+03	
   1.2570000e+03	
   1.2760000e+03	
   1.2950000e+03	
   1.3140000e+03	
   1.3330000e+03	
   1.3520000e+03	
   1.3710000e+03	
   1.3900000e+03	
   1.4090000e+03	
   1.4280000e+03	
   1.4470000e+03	
   1.4660000e+03	
   1.4850000e+03	
   1.5040000e+03	
   1.5230000e+03	
   1.5420000e+03	
   1.5610000e+03	
   1.5800000e+03	
   1.5990000e+03	
   1.6180000e+03	
   1.6370000e+03	
   1.6560000e+03	
   1.6750000e+03	
   1.6940000e+03	
   1.7130000e+03	
   1.7320000e+03	
   1.7510000e+03	
   1.7700000e+03	
   1.7890000e+03	
   1.8080000e+03	
   4.9700000e+02	
   5.1600000e+02	
   5.3500000e+02	
   5.5400000e+02	
   5.7300000e+02	
   5.9200000e+02	
   6.1100000e+02	
   6.3000000e+02	
   6.4900000e+02	
   6.6800000e+02	
   6.8700000e+02	
   7.0600000e+02	
   7.2500000e+02	
   7.4400000e+02	
   7.6300000e+02	
   7.8200000e+02	
   8.0100000e+02	
   8.2000000e+02	
   8.3900000e+02	
   8.5800000e+02	
   8.7700000e+02	
   8.9600000e+02	
   9.1500000e+02	
   9.3400000e+02	
   9.5300000e+02	
   9.7200000e+02	
   9.9100000e+02	
   1.0100000e+03	
   1.0290000e+03	
   1.0480000e+03	
   1.0670000e+03	
   1.0860000e+03	
   1.1050000e+03	
   1.1240000e+03	
   1.1430000e+03	
   1.1620000e+03	
   1.1810000e+03	
   1.2000000e+03	
   1.2190000e+03	
   1.2380000e+03	
   1.2570000e+03	
   1.2760000e+03	
   1.2950000e+03	
   1.3140000e+03	
   1.3330000e+03	
   1.3520000e+03	
   1.3710000e+03	
   1.3900000e+03	
   1.4090000e+03	
   1.4280000e+03	
   1.4470000e+03	
   1.4660000e+03	
   1.4850000e+03	
   1.5040000e+03	
   1.5230000e+03	
   1.5420000e+03	
   1.5610000e+03	
   1.5800000e+03	
   1.5990000e+03	
   1.6180000e+03	
   1.6370000e+03	
   1.6560000e+03	
   1.6750000e+03	
   1.6940000e+03	
   1.7130000e+03	
   1.7320000e+03	
   1.7510000e+03	
   1.7700000e+03	
   1.7890000e+03	
   1.8080000e+03	
   4.9700000e+02	
   5.1600000e+02	
   5.3500000e+02	
   5.5400000e+02	
   5.7300000e+02	
   5.9200000e+02	
   6.1100000e+02	
   6.3000000e+02	
   6.4900000e+02	
   6.6800000e+02	
   6.8700000e+02	
   7.0600000e+02	
   7.2500000e+02	
   7.4400000e+02	
   7.6300000e+02	
   7.8200000e+02	
   8.0100000e+02	
   8.2000000e+02	
   8.3900000e+02	
   8.5800000e+02	
   8.7700000e+02	
   8.9600000e+02	
   9.1500000e+02	
   9.3400000e+02	
   9.5300000e+02	
   9.7200000e+02	
   9.9100000e+02	
   1.0100000e+03	
   1.0290000e+03	
   1.0480000e+03	
   1.0670000e+03	
   1.0860000e+03	
   1.1050000e+03	
   1.1240000e+03	
   1.1430000e+03	
   1.1620000e+03	
   1.1810000e+03	
   1.2000000e+03	
   1.2190000e+03	
   1.2380000e+03	
   1.2570000e+03	
   1.2760000e+03	
   1.2950000e+03	
   1.3140000e+03	
   1.3330000e+03	
   1.3520000e+03	
   1.3710000e+03	
   1.3900000e+03	
   1.4090000e+03	
   1.4280000e+03	
   1.4470000e+03	
   1.4660000e+03	
   1.4850000e+03	
   1.5040000e+03	
   1.5230000e+03	
   1.5420000e+03	
   1.5610000e+03	
   1.5800000e+03	
   1.5990000e+03	
   1.6180000e+03	
   1.6370000e+03	
   1.6560000e+03	
   1.6750000e+03	
   1.6940000e+03	
   1.7130000e+03	
   1.7320000e+03	
   1.7510000e+03	
   1.7700000e+03	
   1.7890000e+03	
   1.8080000e+03	
   4.9700000e+02	
   5.1600000e+02	
   5.3500000e+02	
   5.5400000e+02	
   5.7300000e+02	
   5.9200000e+02	
   6.1100000e+02	
   6.3000000e+02	
   6.4900000e+02	
   6.6800000e+02	
   6.8700000e+02	
   7.0600000e+02	
   7.2500000e+02	
   7.4400000e+02	
   7.6300000e+02	
   7.8200000e+02	
   8.0100000e+02	
   8.2000000e+02	
   8.3900000e+02	
   8.5800000e+02	
   8.7700000e+02	
   8.9600000e+02	
   9.1500000e+02	
   9.3400000e+02	
   9.5300000e+02	
   9.7200000e+02	
   9.9100000e+02	
   1.0100000e+03	
   1.0290000e+03	
   1.0480000e+03	
   1.0670000e+03	
   1.0860000e+03	
   1.1050000e+03	
   1.1240000e+03	
   1.1430000e+03	
   1.1620000e+03	
   1.1810000e+03	
   1.2000000e+03	
   1.2190000e+03	
   1.2380000e+03	
   1.2570000e+03	
   1.2760000e+03	
   1.2950000e+03	
   1.3140000e+03	
   1.3330000e+03	
   1.3520000e+03	
   1.3710000e+03	
   1.3900000e+03	
   1.4090000e+03	
   1.4280000e+03	
   1.4470000e+03	
   1.4660000e+03	
   1.4850000e+03	
   1.5040000e+03	
   1.5230000e+03	
   1.5420000e+03	
   1.5610000e+03	
   1.5800000e+03	
   1.5990000e+03	
   1.6180000e+03	
   1.6370000e+03	
   1.6560000e+03	
   1.6750000e+03	
   1.6940000e+03	
   1.7130000e+03	
   1.7320000e+03	
   1.7510000e+03	
   1.7700000e+03	
   1.7890000e+03	
   1.8080000e+03	
   4.9700000e+02	
   5.1600000e+02	
   5.3500000e+02	
   5.5400000e+02	
   5.7300000e+02	
   5.9200000e+02	
   6.1100000e+02	
   6.3000000e+02	
   6.4900000e+02	
   6.6800000e+02	
   6.8700000e+02	
   7.0600000e+02	
   7.2500000e+02	
   7.4400000e+02	
   7.6300000e+02	
   7.8200000e+02	
   8.0100000e+02	
   8.2000000e+02	
   8.3900000e+02	
   8.5800000e+02	
   8.7700000e+02	
   8.9600000e+02	
   9.1500000e+02	
   9.3400000e+02	
   9.5300000e+02	
   9.7200000e+02	
   9.9100000e+02	
   1.0100000e+03	
   1.0290000e+03	
   1.0480000e+03	
   1.0670000e+03	
   1.0860000e+03	
   1.1050000e+03	
   1.1240000e+03	
   1.1430000e+03	
   1.1620000e+03	
   1.1810000e+03	
   1.2000000e+03	
   1.2190000e+03	
   1.2380000e+03	
   1.2570000e+03	
   1.2760000e+03	
   1.2950000e+03	
   1.3140000e+03	
   1.3330000e+03	
   1.3520000e+03	
   1.3710000e+03	
   1.3900000e+03	
   1.4090000e+03	
   1.4280000e+03	
   1.4470000e+03	
   1.4660000e+03	
   1.4850000e+03	
   1.5040000e+03	
   1.5230000e+03	
   1.5420000e+03	
   1.5610000e+03	
   1.5800000e+03	
   1.5990000e+03	
   1.6180000e+03	
   1.6370000e+03	
   1.6560000e+03	
   1.6750000e+03	
   1.6940000e+03	
   1.7130000e+03	
   1.7320000e+03	
   1.7510000e+03	
   1.7700000e+03	
   1.7890000e+03	
   1.8080000e+03	
   4.9700000e+02	
   5.1600000e+02	
   5.3500000e+02	
   5.5400000e+02	
   5.7300000e+02	
   5.9200000e+02	
   6.1100000e+02	
   6.3000000e+02	
   6.4900000e+02	
   6.6800000e+02	
   6.8700000e+02	
   7.0600000e+02	
   7.2500000e+02	
   7.4400000e+02	
   7.6300000e+02	
   7.8200000e+02	
   8.0100000e+02	
   8.2000000e+02	
   8.3900000e+02	
   8.5800000e+02	
   8.7700000e+02	
   8.9600000e+02	
   9.1500000e+02	
   9.3400000e+02	
   9.5300000e+02	
   9.7200000e+02	
   9.9100000e+02	
   1.0100000e+03	
   1.0290000e+03	
   1.0480000e+03	
   1.0670000e+03	
   1.0860000e+03	
   1.1050000e+03	
   1.1240000e+03	
   1.1430000e+03	
   1.1620000e+03	
   1.1810000e+03	
   1.2000000e+03	
   1.2190000e+03	
   1.2380000e+03	
   1.2570000e+03	
   1.2760000e+03	
   1.2950000e+03	
   1.3140000e+03	
   1.3330000e+03	
   1.3520000e+03	
   1.3710000e+03	
   1.3900000e+03	
   1.4090000e+03	
   1.4280000e+03	
   1.4470000e+03	
   1.4660000e+03	
   1.4850000e+03	
   1.5040000e+03	
   1.5230000e+03	
   1.5420000e+03	
   1.5610000e+03	
   1.5800000e+03	
   1.5990000e+03	
   1.6180000e+03	
   1.6370000e+03	
   1.6560000e+03	
   1.6750000e+03	
   1.6940000e+03	
   1.7130000e+03	
   1.7320000e+03	
   1.7510000e+03	
   1.7700000e+03	
   1.7890000e+03	
   1.8080000e+03	
   4.9700000e+02	
   5.1600000e+02	
   5.3500000e+02	
   5.5400000e+02	
   5.7300000e+02	
   5.9200000e+02	
   6.1100000e+02	
   6.3000000e+02	
   6.4900000e+02	
   6.6800000e+02	
   6.8700000e+02	
   7.0600000e+02	
   7.2500000e+02	
   7.4400000e+02	
   7.6300000e+02	
   7.8200000e+02	
   8.0100000e+02	
   8.2000000e+02	
   8.3900000e+02	
   8.5800000e+02	
   8.7700000e+02	
   8.9600000e+02	
   9.1500000e+02	
   9.3400000e+02	
   9.5300000e+02	
   9.7200000e+02	
   9.9100000e+02	
   1.0100000e+03	
   1.0290000e+03	
   1.0480000e+03	
   1.0670000e+03	
   1.0860000e+03	
   1.1050000e+03	
   1.1240000e+03	
   1.1430000e+03	
   1.1620000e+03	
   1.1810000e+03	
   1.2000000e+03	
   1.2190000e+03	
   1.2380000e+03	
   1.2570000e+03	
   1.2760000e+03	
   1.2950000e+03	
   1.3140000e+03	
   1.3330000e+03	
   1.3520000e+03	
   1.3710000e+03	
   1.3900000e+03	
   1.4090000e+03	
   1.4280000e+03	
   1.4470000e+03	
   1.4660000e+03	
   1.4850000e+03	
   1.5040000e+03	
   1.5230000e+03	
   1.5420000e+03	
   1.5610000e+03	
   1.5800000e+03	
   1.5990000e+03	
   1.6180000e+03	
   1.6370000e+03	
   1.6560000e+03	
   1.6750000e+03	
   1.6940000e+03	
   1.7130000e+03	
   1.7320000e+03	
   1.7510000e+03	
   1.7700000e+03	
   1.7890000e+03	
   1.8080000e+03	
   4.9700000e+02	
   5.1600000e+02	
   5.3500000e+02	
   5.5400000e+02	
   5.7300000e+02	
   5.9200000e+02	
   6.1100000e+02	
   6.3000000e+02	
   6.4900000e+02	
   6.6800000e+02	
   6.8700000e+02	
   7.0600000e+02	
   7.2500000e+02	
   7.4400000e+02	
   7.6300000e+02	
   7.8200000e+02	
   8.0100000e+02	
   8.2000000e+02	
   8.3900000e+02	
   8.5800000e+02	
   8.7700000e+02	
   8.9600000e+02	
   9.1500000e+02	
   9.3400000e+02	
   9.5300000e+02	
   9.7200000e+02	
   9.9100000e+02	
   1.0100000e+03	
   1.0290000e+03	
   1.0480000e+03	
   1.0670000e+03	
   1.0860000e+03	
   1.1050000e+03	
   1.1240000e+03	
   1.1430000e+03	
   1.1620000e+03	
   1.1810000e+03	
   1.2000000e+03	
   1.2190000e+03	
   1.2380000e+03	
   1.2570000e+03	
   1.2760000e+03	
   1.2950000e+03	
   1.3140000e+03	
   1.3330000e+03	
   1.3520000e+03	
   1.3710000e+03	
   1.3900000e+03	
   1.4090000e+03	
   1.4280000e+03	
   1.4470000e+03	
   1.4660000e+03	
   1.4850000e+03	
   1.5040000e+03	
   1.5230000e+03	
   1.5420000e+03	
   1.5610000e+03	
   1.5800000e+03	
   1.5990000e+03	
   1.6180000e+03	
   1.6370000e+03	
   1.6560000e+03	
   1.6750000e+03	
   1.6940000e+03	
   1.7130000e+03	
   1.7320000e+03	
   1.7510000e+03	
   1.7700000e+03	
   1.7890000e+03	
   1.8080000e+03	
   4.9700000e+02	
   5.1600000e+02	
   5.3500000e+02	
   5.5400000e+02	
   5.7300000e+02	
   5.9200000e+02	
   6.1100000e+02	
   6.3000000e+02	
   6.4900000e+02	
   6.6800000e+02	
   6.8700000e+02	
   7.0600000e+02	
   7.2500000e+02	
   7.4400000e+02	
   7.6300000e+02	
   7.8200000e+02	
   8.0100000e+02	
   8.2000000e+02	
   8.3900000e+02	
   8.5800000e+02	
   8.7700000e+02	
   8.9600000e+02	
   9.1500000e+02	
   9.3400000e+02	
   9.5300000e+02	
   9.7200000e+02	
   9.9100000e+02	
   1.0100000e+03	
   1.0290000e+03	
   1.0480000e+03	
   1.0670000e+03	
   1.0860000e+03	
   1.1050000e+03	
   1.1240000e+03	
   1.1430000e+03	
   1.1620000e+03	
   1.1810000e+03	
   1.2000000e+03	
   1.2190000e+03	
   1.2380000e+03	
   1.2570000e+03	
   1.2760000e+03	
   1.2950000e+03	
   1.3140000e+03	
   1.3330000e+03	
   1.3520000e+03	
   1.3710000e+03	
   1.3900000e+03	
   1.4090000e+03	
   1.4280000e+03	
   1.4470000e+03	
   1.4660000e+03	
   1.4850000e+03	
   1.5040000e+03	
   1.5230000e+03	
   1.5420000e+03	
   1.5610000e+03	
   1.5800000e+03	
   1.5990000e+03	
   1.6180000e+03	
   1.6370000e+03	
   1.6560000e+03	
   1.6750000e+03	
   1.6940000e+03	
   1.7130000e+03	
   1.7320000e+03	
   1.7510000e+03	
   1.7700000e+03	
   1.7890000e+03	
   1.8080000e+03	
   4.9700000e+02	
   5.1600000e+02	
   5.3500000e+02	
   5.5400000e+02	
   5.7300000e+02	
   5.9200000e+02	
   6.1100000e+02	
   6.3000000e+02	
   6.4900000e+02	
   6.6800000e+02	
   6.8700000e+02	
   7.0600000e+02	
   7.2500000e+02	
   7.4400000e+02	
   7.6300000e+02	
   7.8200000e+02	
   8.0100000e+02	
   8.2000000e+02	
   8.3900000e+02	
   8.5800000e+02	
   8.7700000e+02	
   8.9600000e+02	
   9.1500000e+02	
   9.3400000e+02	
   9.5300000e+02	
   9.7200000e+02	
   9.9100000e+02	
   1.0100000e+03	
   1.0290000e+03	
   1.0480000e+03	
   1.0670000e+03	
   1.0860000e+03	
   1.1050000e+03	
   1.1240000e+03	
   1.1430000e+03	
   1.1620000e+03	
   1.1810000e+03	
   1.2000000e+03	
   1.2190000e+03	
   1.2380000e+03	
   1.2570000e+03	
   1.2760000e+03	
   1.2950000e+03	
   1.3140000e+03	
   1.3330000e+03	
   1.3520000e+03	
   1.3710000e+03	
   1.3900000e+03	
   1.4090000e+03	
   1.4280000e+03	
   1.4470000e+03	
   1.4660000e+03	
   1.4850000e+03	
   1.5040000e+03	
   1.5230000e+03	
   1.5420000e+03	
   1.5610000e+03	
   1.5800000e+03	
   1.5990000e+03	
   1.6180000e+03	
   1.6370000e+03	
   1.6560000e+03	
   1.6750000e+03	
   1.6940000e+03	
   1.7130000e+03	
   1.7320000e+03	
   1.7510000e+03	
   1.7700000e+03	
   1.7890000e+03	
   1.8080000e+03	
   4.9700000e+02	
   5.1600000e+02	
   5.3500000e+02	
   5.5400000e+02	
   5.7300000e+02	
   5.9200000e+02	
   6.1100000e+02	
   6.3000000e+02	
   6.4900000e+02	
   6.6800000e+02	
   6.8700000e+02	
   7.0600000e+02	
   7.2500000e+02	
   7.4400000e+02	
   7.6300000e+02	
   7.8200000e+02	
   8.0100000e+02	
   8.2000000e+02	
   8.3900000e+02	
   8.5800000e+02	
   8.7700000e+02	
   8.9600000e+02	
   9.1500000e+02	
   9.3400000e+02	
   9.5300000e+02	
   9.7200000e+02	
   9.9100000e+02	
   1.0100000e+03	
   1.0290000e+03	
   1.0480000e+03	
   1.0670000e+03	
   1.0860000e+03	
   1.1050000e+03	
   1.1240000e+03	
   1.1430000e+03	
   1.1620000e+03	
   1.1810000e+03	
   1.2000000e+03	
   1.2190000e+03	
   1.2380000e+03	
   1.2570000e+03	
   1.2760000e+03	
   1.2950000e+03	
   1.3140000e+03	
   1.3330000e+03	
   1.3520000e+03	
   1.3710000e+03	
   1.3900000e+03	
   1.4090000e+03	
   1.4280000e+03	
   1.4470000e+03	
   1.4660000e+03	
   1.4850000e+03	
   1.5040000e+03	
   1.5230000e+03	
   1.5420000e+03	
   1.5610000e+03	
   1.5800000e+03	
   1.5990000e+03	
   1.6180000e+03	
   1.6370000e+03	
   1.6560000e+03	
   1.6750000e+03	
   1.6940000e+03	
   1.7130000e+03	
   1.7320000e+03	
   1.7510000e+03	
   1.7700000e+03	
   1.7890000e+03	
   1.8080000e+03	
   4.9700000e+02	
   5.1600000e+02	
   5.3500000e+02	
   5.5400000e+02	
   5.7300000e+02	
   5.9200000e+02	
   6.1100000e+02	
   6.3000000e+02	
   6.4900000e+02	
   6.6800000e+02	
   6.8700000e+02	
   7.0600000e+02	
   7.2500000e+02	
   7.4400000e+02	
   7.6300000e+02	
   7.8200000e+02	
   8.0100000e+02	
   8.2000000e+02	
   8.3900000e+02	
   8.5800000e+02	
   8.7700000e+02	
   8.9600000e+02	
   9.1500000e+02	
   9.3400000e+02	
   9.5300000e+02	
   9.7200000e+02	
   9.9100000e+02	
   1.0100000e+03	
   1.0290000e+03	
   1.0480000e+03	
   1.0670000e+03	
   1.0860000e+03	
   1.1050000e+03	
   1.1240000e+03	
   1.1430000e+03	
   1.1620000e+03	
   1.1810000e+03	
   1.2000000e+03	
   1.2190000e+03	
   1.2380000e+03	
   1.2570000e+03	
   1.2760000e+03	
   1.2950000e+03	
   1.3140000e+03	
   1.3330000e+03	
   1.3520000e+03	
   1.3710000e+03	
   1.3900000e+03	
   1.4090000e+03	
   1.4280000e+03	
   1.4470000e+03	
   1.4660000e+03	
   1.4850000e+03	
   1.5040000e+03	
   1.5230000e+03	
   1.5420000e+03	
   1.5610000e+03	
   1.5800000e+03	
   1.5990000e+03	
   1.6180000e+03	
   1.6370000e+03	
   1.6560000e+03	
   1.6750000e+03	
   1.6940000e+03	
   1.7130000e+03	
   1.7320000e+03	
   1.7510000e+03	
   1.7700000e+03	
   1.7890000e+03	
   1.8080000e+03	
   4.9700000e+02	
   5.1600000e+02	
   5.3500000e+02	
   5.5400000e+02	
   5.7300000e+02	
   5.9200000e+02	
   6.1100000e+02	
   6.3000000e+02	
   6.4900000e+02	
   6.6800000e+02	
   6.8700000e+02	
   7.0600000e+02	
   7.2500000e+02	
   7.4400000e+02	
   7.6300000e+02	
   7.8200000e+02	
   8.0100000e+02	
   8.2000000e+02	
   8.3900000e+02	
   8.5800000e+02	
   8.7700000e+02	
   8.9600000e+02	
   9.1500000e+02	
   9.3400000e+02	
   9.5300000e+02	
   9.7200000e+02	
   9.9100000e+02	
   1.0100000e+03	
   1.0290000e+03	
   1.0480000e+03	
   1.0670000e+03	
   1.0860000e+03	
   1.1050000e+03	
   1.1240000e+03	
   1.1430000e+03	
   1.1620000e+03	
   1.1810000e+03	
   1.2000000e+03	
   1.2190000e+03	
   1.2380000e+03	
   1.2570000e+03	
   1.2760000e+03	
   1.2950000e+03	
   1.3140000e+03	
   1.3330000e+03	
   1.3520000e+03	
   1.3710000e+03	
   1.3900000e+03	
   1.4090000e+03	
   1.4280000e+03	
   1.4470000e+03	
   1.4660000e+03	
   1.4850000e+03	
   1.5040000e+03	
   1.5230000e+03	
   1.5420000e+03	
   1.5610000e+03	
   1.5800000e+03	
   1.5990000e+03	
   1.6180000e+03	
   1.6370000e+03	
   1.6560000e+03	
   1.6750000e+03	
   1.6940000e+03	
   1.7130000e+03	
   1.7320000e+03	
   1.7510000e+03	
   1.7700000e+03	
   1.7890000e+03	
   1.8080000e+03	
   4.9700000e+02	
   5.1600000e+02	
   5.3500000e+02	
   5.5400000e+02	
   5.7300000e+02	
   5.9200000e+02	
   6.1100000e+02	
   6.3000000e+02	
   6.4900000e+02	
   6.6800000e+02	
   6.8700000e+02	
   7.0600000e+02	
   7.2500000e+02	
   7.4400000e+02	
   7.6300000e+02	
   7.8200000e+02	
   8.0100000e+02	
   8.2000000e+02	
   8.3900000e+02	
   8.5800000e+02	
   8.7700000e+02	
   8.9600000e+02	
   9.1500000e+02	
   9.3400000e+02	
   9.5300000e+02	
   9.7200000e+02	
   9.9100000e+02	
   1.0100000e+03	
   1.0290000e+03	
   1.0480000e+03	
   1.0670000e+03	
   1.0860000e+03	
   1.1050000e+03	
   1.1240000e+03	
   1.1430000e+03	
   1.1620000e+03	
   1.1810000e+03	
   1.2000000e+03	
   1.2190000e+03	
   1.2380000e+03	
   1.2570000e+03	
   1.2760000e+03	
   1.2950000e+03	
   1.3140000e+03	
   1.3330000e+03	
   1.3520000e+03	
   1.3710000e+03	
   1.3900000e+03	
   1.4090000e+03	
   1.4280000e+03	
   1.4470000e+03	
   1.4660000e+03	
   1.4850000e+03	
   1.5040000e+03	
   1.5230000e+03	
   1.5420000e+03	
   1.5610000e+03	
   1.5800000e+03	
   1.5990000e+03	
   1.6180000e+03	
   1.6370000e+03	
   1.6560000e+03	
   1.6750000e+03	
   1.6940000e+03	
   1.7130000e+03	
   1.7320000e+03	
   1.7510000e+03	
   1.7700000e+03	
   1.7890000e+03	
   1.8080000e+03	
   4.9700000e+02	
   5.1600000e+02	
   5.3500000e+02	
   5.5400000e+02	
   5.7300000e+02	
   5.9200000e+02	
   6.1100000e+02	
   6.3000000e+02	
   6.4900000e+02	
   6.6800000e+02	
   6.8700000e+02	
   7.0600000e+02	
   7.2500000e+02	
   7.4400000e+02	
   7.6300000e+02	
   7.8200000e+02	
   8.0100000e+02	
   8.2000000e+02	
   8.3900000e+02	
   8.5800000e+02	
   8.7700000e+02	
   8.9600000e+02	
   9.1500000e+02	
   9.3400000e+02	
   9.5300000e+02	
   9.7200000e+02	
   9.9100000e+02	
   1.0100000e+03	
   1.0290000e+03	
   1.0480000e+03	
   1.0670000e+03	
   1.0860000e+03	
   1.1050000e+03	
   1.1240000e+03	
   1.1430000e+03	
   1.1620000e+03	
   1.1810000e+03	
   1.2000000e+03	
   1.2190000e+03	
   1.2380000e+03	
   1.2570000e+03	
   1.2760000e+03	
   1.2950000e+03	
   1.3140000e+03	
   1.3330000e+03	
   1.3520000e+03	
   1.3710000e+03	
   1.3900000e+03	
   1.4090000e+03	
   1.4280000e+03	
   1.4470000e+03	
   1.4660000e+03	
   1.4850000e+03	
   1.5040000e+03	
   1.5230000e+03	
   1.5420000e+03	
   1.5610000e+03	
   1.5800000e+03	
   1.5990000e+03	
   1.6180000e+03	
   1.6370000e+03	
   1.6560000e+03	
   1.6750000e+03	
   1.6940000e+03	
   1.7130000e+03	
   1.7320000e+03	
   1.7510000e+03	
   1.7700000e+03	
   1.7890000e+03	
   1.8080000e+03	
   4.9700000e+02	
   5.1600000e+02	
   5.3500000e+02	
   5.5400000e+02	
   5.7300000e+02	
   5.9200000e+02	
   6.1100000e+02	
   6.3000000e+02	
   6.4900000e+02	
   6.6800000e+02	
   6.8700000e+02	
   7.0600000e+02	
   7.2500000e+02	
   7.4400000e+02	
   7.6300000e+02	
   7.8200000e+02	
   8.0100000e+02	
   8.2000000e+02	
   8.3900000e+02	
   8.5800000e+02	
   8.7700000e+02	
   8.9600000e+02	
   9.1500000e+02	
   9.3400000e+02	
   9.5300000e+02	
   9.7200000e+02	
   9.9100000e+02	
   1.0100000e+03	
   1.0290000e+03	
   1.0480000e+03	
   1.0670000e+03	
   1.0860000e+03	
   1.1050000e+03	
   1.1240000e+03	
   1.1430000e+03	
   1.1620000e+03	
   1.1810000e+03	
   1.2000000e+03	
   1.2190000e+03	
   1.2380000e+03	
   1.2570000e+03	
   1.2760000e+03	
   1.2950000e+03	
   1.3140000e+03	
   1.3330000e+03	
   1.3520000e+03	
   1.3710000e+03	
   1.3900000e+03	
   1.4090000e+03	
   1.4280000e+03	
   1.4470000e+03	
   1.4660000e+03	
   1.4850000e+03	
   1.5040000e+03	
   1.5230000e+03	
   1.5420000e+03	
   1.5610000e+03	
   1.5800000e+03	
   1.5990000e+03	
   1.6180000e+03	
   1.6370000e+03	
   1.6560000e+03	
   1.6750000e+03	
   1.6940000e+03	
   1.7130000e+03	
   1.7320000e+03	
   1.7510000e+03	
   1.7700000e+03	
   1.7890000e+03	
   1.8080000e+03	
   4.9700000e+02	
   5.1600000e+02	
   5.3500000e+02	
   5.5400000e+02	
   5.7300000e+02	
   5.9200000e+02	
   6.1100000e+02	
   6.3000000e+02	
   6.4900000e+02	
   6.6800000e+02	
   6.8700000e+02	
   7.0600000e+02	
   7.2500000e+02	
   7.4400000e+02	
   7.6300000e+02	
   7.8200000e+02	
   8.0100000e+02	
   8.2000000e+02	
   8.3900000e+02	
   8.5800000e+02	
   8.7700000e+02	
   8.9600000e+02	
   9.1500000e+02	
   9.3400000e+02	
   9.5300000e+02	
   9.7200000e+02	
   9.9100000e+02	
   1.0100000e+03	
   1.0290000e+03	
   1.0480000e+03	
   1.0670000e+03	
   1.0860000e+03	
   1.1050000e+03	
   1.1240000e+03	
   1.1430000e+03	
   1.1620000e+03	
   1.1810000e+03	
   1.2000000e+03	
   1.2190000e+03	
   1.2380000e+03	
   1.2570000e+03	
   1.2760000e+03	
   1.2950000e+03	
   1.3140000e+03	
   1.3330000e+03	
   1.3520000e+03	
   1.3710000e+03	
   1.3900000e+03	
   1.4090000e+03	
   1.4280000e+03	
   1.4470000e+03	
   1.4660000e+03	
   1.4850000e+03	
   1.5040000e+03	
   1.5230000e+03	
   1.5420000e+03	
   1.5610000e+03	
   1.5800000e+03	
   1.5990000e+03	
   1.6180000e+03	
   1.6370000e+03	
   1.6560000e+03	
   1.6750000e+03	
   1.6940000e+03	
   1.7130000e+03	
   1.7320000e+03	
   1.7510000e+03	
   1.7700000e+03	
   1.7890000e+03	
   1.8080000e+03	
   4.9700000e+02	
   5.1600000e+02	
   5.3500000e+02	
   5.5400000e+02	
   5.7300000e+02	
   5.9200000e+02	
   6.1100000e+02	
   6.3000000e+02	
   6.4900000e+02	
   6.6800000e+02	
   6.8700000e+02	
   7.0600000e+02	
   7.2500000e+02	
   7.4400000e+02	
   7.6300000e+02	
   7.8200000e+02	
   8.0100000e+02	
   8.2000000e+02	
   8.3900000e+02	
   8.5800000e+02	
   8.7700000e+02	
   8.9600000e+02	
   9.1500000e+02	
   9.3400000e+02	
   9.5300000e+02	
   9.7200000e+02	
   9.9100000e+02	
   1.0100000e+03	
   1.0290000e+03	
   1.0480000e+03	
   1.0670000e+03	
   1.0860000e+03	
   1.1050000e+03	
   1.1240000e+03	
   1.1430000e+03	
   1.1620000e+03	
   1.1810000e+03	
   1.2000000e+03	
   1.2190000e+03	
   1.2380000e+03	
   1.2570000e+03	
   1.2760000e+03	
   1.2950000e+03	
   1.3140000e+03	
   1.3330000e+03	
   1.3520000e+03	
   1.3710000e+03	
   1.3900000e+03	
   1.4090000e+03	
   1.4280000e+03	
   1.4470000e+03	
   1.4660000e+03	
   1.4850000e+03	
   1.5040000e+03	
   1.5230000e+03	
   1.5420000e+03	
   1.5610000e+03	
   1.5800000e+03	
   1.5990000e+03	
   1.6180000e+03	
   1.6370000e+03	
   1.6560000e+03	
   1.6750000e+03	
   1.6940000e+03	
   1.7130000e+03	
   1.7320000e+03	
   1.7510000e+03	
   1.7700000e+03	
   1.7890000e+03	
   1.8080000e+03	
   4.9700000e+02	
   5.1600000e+02	
   5.3500000e+02	
   5.5400000e+02	
   5.7300000e+02	
   5.9200000e+02	
   6.1100000e+02	
   6.3000000e+02	
   6.4900000e+02	
   6.6800000e+02	
   6.8700000e+02	
   7.0600000e+02	
   7.2500000e+02	
   7.4400000e+02	
   7.6300000e+02	
   7.8200000e+02	
   8.0100000e+02	
   8.2000000e+02	
   8.3900000e+02	
   8.5800000e+02	
   8.7700000e+02	
   8.9600000e+02	
   9.1500000e+02	
   9.3400000e+02	
   9.5300000e+02	
   9.7200000e+02	
   9.9100000e+02	
   1.0100000e+03	
   1.0290000e+03	
   1.0480000e+03	
   1.0670000e+03	
   1.0860000e+03	
   1.1050000e+03	
   1.1240000e+03	
   1.1430000e+03	
   1.1620000e+03	
   1.1810000e+03	
   1.2000000e+03	
   1.2190000e+03	
   1.2380000e+03	
   1.2570000e+03	
   1.2760000e+03	
   1.2950000e+03	
   1.3140000e+03	
   1.3330000e+03	
   1.3520000e+03	
   1.3710000e+03	
   1.3900000e+03	
   1.4090000e+03	
   1.4280000e+03	
   1.4470000e+03	
   1.4660000e+03	
   1.4850000e+03	
   1.5040000e+03	
   1.5230000e+03	
   1.5420000e+03	
   1.5610000e+03	
   1.5800000e+03	
   1.5990000e+03	
   1.6180000e+03	
   1.6370000e+03	
   1.6560000e+03	
   1.6750000e+03	
   1.6940000e+03	
   1.7130000e+03	
   1.7320000e+03	
   1.7510000e+03	
   1.7700000e+03	
   1.7890000e+03	
   1.8080000e+03	
   4.9700000e+02	
   5.1600000e+02	
   5.3500000e+02	
   5.5400000e+02	
   5.7300000e+02	
   5.9200000e+02	
   6.1100000e+02	
   6.3000000e+02	
   6.4900000e+02	
   6.6800000e+02	
   6.8700000e+02	
   7.0600000e+02	
   7.2500000e+02	
   7.4400000e+02	
   7.6300000e+02	
   7.8200000e+02	
   8.0100000e+02	
   8.2000000e+02	
   8.3900000e+02	
   8.5800000e+02	
   8.7700000e+02	
   8.9600000e+02	
   9.1500000e+02	
   9.3400000e+02	
   9.5300000e+02	
   9.7200000e+02	
   9.9100000e+02	
   1.0100000e+03	
   1.0290000e+03	
   1.0480000e+03	
   1.0670000e+03	
   1.0860000e+03	
   1.1050000e+03	
   1.1240000e+03	
   1.1430000e+03	
   1.1620000e+03	
   1.1810000e+03	
   1.2000000e+03	
   1.2190000e+03	
   1.2380000e+03	
   1.2570000e+03	
   1.2760000e+03	
   1.2950000e+03	
   1.3140000e+03	
   1.3330000e+03	
   1.3520000e+03	
   1.3710000e+03	
   1.3900000e+03	
   1.4090000e+03	
   1.4280000e+03	
   1.4470000e+03	
   1.4660000e+03	
   1.4850000e+03	
   1.5040000e+03	
   1.5230000e+03	
   1.5420000e+03	
   1.5610000e+03	
   1.5800000e+03	
   1.5990000e+03	
   1.6180000e+03	
   1.6370000e+03	
   1.6560000e+03	
   1.6750000e+03	
   1.6940000e+03	
   1.7130000e+03	
   1.7320000e+03	
   1.7510000e+03	
   1.7700000e+03	
   1.7890000e+03	
   1.8080000e+03	
   4.9700000e+02	
   5.1600000e+02	
   5.3500000e+02	
   5.5400000e+02	
   5.7300000e+02	
   5.9200000e+02	
   6.1100000e+02	
   6.3000000e+02	
   6.4900000e+02	
   6.6800000e+02	
   6.8700000e+02	
   7.0600000e+02	
   7.2500000e+02	
   7.4400000e+02	
   7.6300000e+02	
   7.8200000e+02	
   8.0100000e+02	
   8.2000000e+02	
   8.3900000e+02	
   8.5800000e+02	
   8.7700000e+02	
   8.9600000e+02	
   9.1500000e+02	
   9.3400000e+02	
   9.5300000e+02	
   9.7200000e+02	
   9.9100000e+02	
   1.0100000e+03	
   1.0290000e+03	
   1.0480000e+03	
   1.0670000e+03	
   1.0860000e+03	
   1.1050000e+03	
   1.1240000e+03	
   1.1430000e+03	
   1.1620000e+03	
   1.1810000e+03	
   1.2000000e+03	
   1.2190000e+03	
   1.2380000e+03	
   1.2570000e+03	
   1.2760000e+03	
   1.2950000e+03	
   1.3140000e+03	
   1.3330000e+03	
   1.3520000e+03	
   1.3710000e+03	
   1.3900000e+03	
   1.4090000e+03	
   1.4280000e+03	
   1.4470000e+03	
   1.4660000e+03	
   1.4850000e+03	
   1.5040000e+03	
   1.5230000e+03	
   1.5420000e+03	
   1.5610000e+03	
   1.5800000e+03	
   1.5990000e+03	
   1.6180000e+03	
   1.6370000e+03	
   1.6560000e+03	
   1.6750000e+03	
   1.6940000e+03	
   1.7130000e+03	
   1.7320000e+03	
   1.7510000e+03	
   1.7700000e+03	
   1.7890000e+03	
   1.8080000e+03	
   4.9700000e+02	
   5.1600000e+02	
   5.3500000e+02	
   5.5400000e+02	
   5.7300000e+02	
   5.9200000e+02	
   6.1100000e+02	
   6.3000000e+02	
   6.4900000e+02	
   6.6800000e+02	
   6.8700000e+02	
   7.0600000e+02	
   7.2500000e+02	
   7.4400000e+02	
   7.6300000e+02	
   7.8200000e+02	
   8.0100000e+02	
   8.2000000e+02	
   8.3900000e+02	
   8.5800000e+02	
   8.7700000e+02	
   8.9600000e+02	
   9.1500000e+02	
   9.3400000e+02	
   9.5300000e+02	
   9.7200000e+02	
   9.9100000e+02	
   1.0100000e+03	
   1.0290000e+03	
   1.0480000e+03	
   1.0670000e+03	
   1.0860000e+03	
   1.1050000e+03	
   1.1240000e+03	
   1.1430000e+03	
   1.1620000e+03	
   1.1810000e+03	
   1.2000000e+03	
   1.2190000e+03	
   1.2380000e+03	
   1.2570000e+03	
   1.2760000e+03	
   1.2950000e+03	
   1.3140000e+03	
   1.3330000e+03	
   1.3520000e+03	
   1.3710000e+03	
   1.3900000e+03	
   1.4090000e+03	
   1.4280000e+03	
   1.4470000e+03	
   1.4660000e+03	
   1.4850000e+03	
   1.5040000e+03	
   1.5230000e+03	
   1.5420000e+03	
   1.5610000e+03	
   1.5800000e+03	
   1.5990000e+03	
   1.6180000e+03	
   1.6370000e+03	
   1.6560000e+03	
   1.6750000e+03	
   1.6940000e+03	
   1.7130000e+03	
   1.7320000e+03	
   1.7510000e+03	
   1.7700000e+03	
   1.7890000e+03	
   1.8080000e+03	
   4.9700000e+02	
   5.1600000e+02	
   5.3500000e+02	
   5.5400000e+02	
   5.7300000e+02	
   5.9200000e+02	
   6.1100000e+02	
   6.3000000e+02	
   6.4900000e+02	
   6.6800000e+02	
   6.8700000e+02	
   7.0600000e+02	
   7.2500000e+02	
   7.4400000e+02	
   7.6300000e+02	
   7.8200000e+02	
   8.0100000e+02	
   8.2000000e+02	
   8.3900000e+02	
   8.5800000e+02	
   8.7700000e+02	
   8.9600000e+02	
   9.1500000e+02	
   9.3400000e+02	
   9.5300000e+02	
   9.7200000e+02	
   9.9100000e+02	
   1.0100000e+03	
   1.0290000e+03	
   1.0480000e+03	
   1.0670000e+03	
   1.0860000e+03	
   1.1050000e+03	
   1.1240000e+03	
   1.1430000e+03	
   1.1620000e+03	
   1.1810000e+03	
   1.2000000e+03	
   1.2190000e+03	
   1.2380000e+03	
   1.2570000e+03	
   1.2760000e+03	
   1.2950000e+03	
   1.3140000e+03	
   1.3330000e+03	
   1.3520000e+03	
   1.3710000e+03	
   1.3900000e+03	
   1.4090000e+03	
   1.4280000e+03	
   1.4470000e+03	
   1.4660000e+03	
   1.4850000e+03	
   1.5040000e+03	
   1.5230000e+03	
   1.5420000e+03	
   1.5610000e+03	
   1.5800000e+03	
   1.5990000e+03	
   1.6180000e+03	
   1.6370000e+03	
   1.6560000e+03	
   1.6750000e+03	
   1.6940000e+03	
   1.7130000e+03	
   1.7320000e+03	
   1.7510000e+03	
   1.7700000e+03	
   1.7890000e+03	
   1.8080000e+03	
   4.9700000e+02	
   5.1600000e+02	
   5.3500000e+02	
   5.5400000e+02	
   5.7300000e+02	
   5.9200000e+02	
   6.1100000e+02	
   6.3000000e+02	
   6.4900000e+02	
   6.6800000e+02	
   6.8700000e+02	
   7.0600000e+02	
   7.2500000e+02	
   7.4400000e+02	
   7.6300000e+02	
   7.8200000e+02	
   8.0100000e+02	
   8.2000000e+02	
   8.3900000e+02	
   8.5800000e+02	
   8.7700000e+02	
   8.9600000e+02	
   9.1500000e+02	
   9.3400000e+02	
   9.5300000e+02	
   9.7200000e+02	
   9.9100000e+02	
   1.0100000e+03	
   1.0290000e+03	
   1.0480000e+03	
   1.0670000e+03	
   1.0860000e+03	
   1.1050000e+03	
   1.1240000e+03	
   1.1430000e+03	
   1.1620000e+03	
   1.1810000e+03	
   1.2000000e+03	
   1.2190000e+03	
   1.2380000e+03	
   1.2570000e+03	
   1.2760000e+03	
   1.2950000e+03	
   1.3140000e+03	
   1.3330000e+03	
   1.3520000e+03	
   1.3710000e+03	
   1.3900000e+03	
   1.4090000e+03	
   1.4280000e+03	
   1.4470000e+03	
   1.4660000e+03	
   1.4850000e+03	
   1.5040000e+03	
   1.5230000e+03	
   1.5420000e+03	
   1.5610000e+03	
   1.5800000e+03	
   1.5990000e+03	
   1.6180000e+03	
   1.6370000e+03	
   1.6560000e+03	
   1.6750000e+03	
   1.6940000e+03	
   1.7130000e+03	
   1.7320000e+03	
   1.7510000e+03	
   1.7700000e+03	
   1.7890000e+03	
   1.8080000e+03	
   4.9700000e+02	
   5.1600000e+02	
   5.3500000e+02	
   5.5400000e+02	
   5.7300000e+02	
   5.9200000e+02	
   6.1100000e+02	
   6.3000000e+02	
   6.4900000e+02	
   6.6800000e+02	
   6.8700000e+02	
   7.0600000e+02	
   7.2500000e+02	
   7.4400000e+02	
   7.6300000e+02	
   7.8200000e+02	
   8.0100000e+02	
   8.2000000e+02	
   8.3900000e+02	
   8.5800000e+02	
   8.7700000e+02	
   8.9600000e+02	
   9.1500000e+02	
   9.3400000e+02	
   9.5300000e+02	
   9.7200000e+02	
   9.9100000e+02	
   1.0100000e+03	
   1.0290000e+03	
   1.0480000e+03	
   1.0670000e+03	
   1.0860000e+03	
   1.1050000e+03	
   1.1240000e+03	
   1.1430000e+03	
   1.1620000e+03	
   1.1810000e+03	
   1.2000000e+03	
   1.2190000e+03	
   1.2380000e+03	
   1.2570000e+03	
   1.2760000e+03	
   1.2950000e+03	
   1.3140000e+03	
   1.3330000e+03	
   1.3520000e+03	
   1.3710000e+03	
   1.3900000e+03	
   1.4090000e+03	
   1.4280000e+03	
   1.4470000e+03	
   1.4660000e+03	
   1.4850000e+03	
   1.5040000e+03	
   1.5230000e+03	
   1.5420000e+03	
   1.5610000e+03	
   1.5800000e+03	
   1.5990000e+03	
   1.6180000e+03	
   1.6370000e+03	
   1.6560000e+03	
   1.6750000e+03	
   1.6940000e+03	
   1.7130000e+03	
   1.7320000e+03	
   1.7510000e+03	
   1.7700000e+03	
   1.7890000e+03	
   1.8080000e+03	
   4.9700000e+02	
   5.1600000e+02	
   5.3500000e+02	
   5.5400000e+02	
   5.7300000e+02	
   5.9200000e+02	
   6.1100000e+02	
   6.3000000e+02	
   6.4900000e+02	
   6.6800000e+02	
   6.8700000e+02	
   7.0600000e+02	
   7.2500000e+02	
   7.4400000e+02	
   7.6300000e+02	
   7.8200000e+02	
   8.0100000e+02	
   8.2000000e+02	
   8.3900000e+02	
   8.5800000e+02	
   8.7700000e+02	
   8.9600000e+02	
   9.1500000e+02	
   9.3400000e+02	
   9.5300000e+02	
   9.7200000e+02	
   9.9100000e+02	
   1.0100000e+03	
   1.0290000e+03	
   1.0480000e+03	
   1.0670000e+03	
   1.0860000e+03	
   1.1050000e+03	
   1.1240000e+03	
   1.1430000e+03	
   1.1620000e+03	
   1.1810000e+03	
   1.2000000e+03	
   1.2190000e+03	
   1.2380000e+03	
   1.2570000e+03	
   1.2760000e+03	
   1.2950000e+03	
   1.3140000e+03	
   1.3330000e+03	
   1.3520000e+03	
   1.3710000e+03	
   1.3900000e+03	
   1.4090000e+03	
   1.4280000e+03	
   1.4470000e+03	
   1.4660000e+03	
   1.4850000e+03	
   1.5040000e+03	
   1.5230000e+03	
   1.5420000e+03	
   1.5610000e+03	
   1.5800000e+03	
   1.5990000e+03	
   1.6180000e+03	
   1.6370000e+03	
   1.6560000e+03	
   1.6750000e+03	
   1.6940000e+03	
   1.7130000e+03	
   1.7320000e+03	
   1.7510000e+03	
   1.7700000e+03	
   1.7890000e+03	
   1.8080000e+03	
   4.9700000e+02	
   5.1600000e+02	
   5.3500000e+02	
   5.5400000e+02	
   5.7300000e+02	
   5.9200000e+02	
   6.1100000e+02	
   6.3000000e+02	
   6.4900000e+02	
   6.6800000e+02	
   6.8700000e+02	
   7.0600000e+02	
   7.2500000e+02	
   7.4400000e+02	
   7.6300000e+02	
   7.8200000e+02	
   8.0100000e+02	
   8.2000000e+02	
   8.3900000e+02	
   8.5800000e+02	
   8.7700000e+02	
   8.9600000e+02	
   9.1500000e+02	
   9.3400000e+02	
   9.5300000e+02	
   9.7200000e+02	
   9.9100000e+02	
   1.0100000e+03	
   1.0290000e+03	
   1.0480000e+03	
   1.0670000e+03	
   1.0860000e+03	
   1.1050000e+03	
   1.1240000e+03	
   1.1430000e+03	
   1.1620000e+03	
   1.1810000e+03	
   1.2000000e+03	
   1.2190000e+03	
   1.2380000e+03	
   1.2570000e+03	
   1.2760000e+03	
   1.2950000e+03	
   1.3140000e+03	
   1.3330000e+03	
   1.3520000e+03	
   1.3710000e+03	
   1.3900000e+03	
   1.4090000e+03	
   1.4280000e+03	
   1.4470000e+03	
   1.4660000e+03	
   1.4850000e+03	
   1.5040000e+03	
   1.5230000e+03	
   1.5420000e+03	
   1.5610000e+03	
   1.5800000e+03	
   1.5990000e+03	
   1.6180000e+03	
   1.6370000e+03	
   1.6560000e+03	
   1.6750000e+03	
   1.6940000e+03	
   1.7130000e+03	
   1.7320000e+03	
   1.7510000e+03	
   1.7700000e+03	
   1.7890000e+03	
   1.8080000e+03	
